date,tokens,avg_million_tokens_per_second,milllion_tokens_per_second
2017-03-31T00:04:56-07:00,0,0.000000,0.000000
2017-03-31T00:05:01-07:00,10895445,1.999650,1.999650
2017-03-31T00:05:06-07:00,21738218,2.099906,2.000172
2017-03-31T00:05:08-07:00,25520956,2.128996,1.721984
